7,2,1,0,0,7,7,6,3,4,1,6,5,0,2,9,0,0,6,10
6,8,1,2,3,7,2,0,10,5,5,6,2,9,3,4,6,5,1,4
10,0,5,6,1,8,3,1,2,10,10,5,10,10,4,2,3,10,2,4
3,2,1,9,2,10,1,4,3,1,2,9,3,5,8,6,4,4,7,0
9,5,9,1,3,3,6,9,7,8,0,10,9,9,7,4,8,2,10,8
6,9,6,10,5,7,1,9,8,1,4,0,7,2,4,4,1,7,9,8
10,3,6,9,7,0,5,4,1,6,6,5,9,5,10,5,5,9,5,3
8,9,10,2,5,2,5,6,6,4,8,10,5,10,0,3,3,2,1,5
1,7,9,3,6,10,4,7,10,4,7,7,8,9,6,3,6,3,10,6
8,7,1,8,2,6,3,6,0,5,0,1,2,5,8,0,7,2,2,0
8,1,9,5,9,7,8,1,4,1,3,10,4,6,10,9,9,6,4,10
8,10,8,10,9,1,1,2,8,9,1,10,4,5,1,9,3,8,9,5
7,7,0,9,4,0,3,6,8,8,8,8,5,4,4,7,3,10,3,6
8,0,8,2,4,7,1,8,7,9,9,5,2,4,5,10,3,10,6,10
8,8,3,3,1,8,4,4,1,4,7,8,8,9,6,9,10,8,10,10
7,0,10,4,6,2,5,2,0,5,9,2,7,6,5,2,3,7,2,2
8,5,10,0,10,5,2,8,6,0,7,3,8,1,9,5,7,5,3,6
9,0,3,10,7,2,2,1,6,1,3,4,10,0,2,7,8,0,10,8
1,4,10,0,5,2,6,1,7,10,9,1,8,6,0,9,0,1,8,5
3,10,2,5,10,3,4,6,0,6,9,4,7,0,9,6,9,7,10,9
